  0.50000087522293379       0.68530012231961734       0.25000667344519073     
  0.50000087414346217       0.31470012252279739       0.75000667315247327     
  7.02413683205194070E-007  0.17950012247791322       0.25000343512183026     
  7.04132670548661664E-007  0.82050012265870764       0.75000343186956009     
  0.21079716480895608       0.10239909002402499       0.94189514024609400     
  0.78919714220212145       0.10240114352192591       0.55809514250082104     
  0.78919717484122276       0.89759908174172387       5.80951416197866277E-002
  0.21079715140575592       0.89760115129744955       0.44189514252543460     
  0.25160169017950396       0.37520038892925955       0.39309738538960542     
  0.74841167995504021       0.37519983695507658       0.10689737714551271     
  0.74841169388675322       0.62480038632018575       0.60689738199339838     
  0.25160168337644689       0.62479983970697095       0.89309737366570741     
